100  1  0  0  1
 0 0.47887548777227
 0 0.47927059092548
 0 0.48060990415508
 0 0.50140340557825
 0 0.47121328887851
 0 0.473133520261
 0 0.46560146146898
 0 0.44350844795404
 0 0.45620594768402
 0 0.48241497295818
 0 0.50138993588348
 0 0.47599443638132
 0 0.48117119577573
 0 0.48255016461345
 0 0.49606535380311
 0 0.4788594393703
 0 0.50608354343761
 0 0.47482566451482
 0 0.48045218473264
 0 0.48773211236482
 0 0.48262955769687
 0 0.4737717475327
 0 0.47624921472229
 0 0.47752507777854
 0 0.47835081130834
 0 0.48847572808505
 0 0.50893544919269
 0 0.48899629677844
 0 0.49028403465411
 0 0.49077077009471
 0 0.50165880179178
 0 0.45491373901781
 0 0.48285056439037
 0 0.48601331767862
 0 0.46255281375063
 0 0.47036030343469
 0 0.50635616020232
 0 0.48122770266888
 0 0.46803623637584
 0 0.48884425895855
 0 0.49251942598137
 0 0.48374589347966
 0 0.46108602533034
 0 0.48029810043253
 0 0.47548337060887
 0 0.47370873385508
 0 0.48902558071687
 0 0.47202289958478
 0 0.48992498283046
 0 0.48407775632467
 0 0.49348727753438
 0 0.46201818246015
 0 0.48470296767145
 0 0.46908516144877
 0 0.51178898196133
 0 0.49521378673896
 0 0.49027174896738
 0 0.47714947931401
 0 0.48476154866835
 0 0.48327565435819
 0 0.49538405860117
 0 0.47768517350692
 0 0.47808023763331
 0 0.48300650479918
 0 0.48683398320059
 0 0.4956913696907
 0 0.46914938976321
 0 0.48722906132997
 0 0.47979675434201
 0 0.47860940395189
 0 0.47588622642182
 0 0.48147202958225
 0 0.49516999272882
 0 0.48830470263413
 0 0.48087748746811
 0 0.47778307053222
 0 0.45585375512713
 0 0.49316825018408
 0 0.46869561143004
 0 0.47611439172699
 0 0.47798919351225
 0 0.47492805555522
 0 0.45949311988342
 0 0.50109734618138
 0 0.48985279803016
 0 0.48972377317203
 0 0.49130105937062
 0 0.49390900386712
 0 0.47382855654733
 0 0.46396341000518
 0 0.47417351492215
 0 0.47206468695817
 0 0.49408750074232
 0 0.49306119262862
 0 0.4727962890285
 0 0.49513235335132
 0 0.5048040358144
 0 0.48934836435767
 0 0.46414987925833
 0 0.4721265323856
