100  1  0  0  1  boot fit mass_0
 0 0.4558094423873
 0 0.43557048574323
 0 0.46539292903369
 0 0.475233321185
 0 0.43081195149397
 0 0.43800966760811
 0 0.44654000648786
 0 0.4306933923201
 0 0.43373166478709
 0 0.44094954761168
 0 0.46190335211059
 0 0.44866970698422
 0 0.44441495863619
 0 0.44183582108257
 0 0.45941749840669
 0 0.42954349961426
 0 0.46481793136558
 0 0.4437379897702
 0 0.44038509609985
 0 0.45718345581209
 0 0.44571788897854
 0 0.43972230713915
 0 0.44989493765829
 0 0.4329535104844
 0 0.43263464986874
 0 0.45347143843435
 0 0.4891415917188
 0 0.45644389886235
 0 0.47988294826976
 0 0.47127711205512
 0 0.4421785570848
 0 0.42626521787025
 0 0.44827023450199
 0 0.46343373735328
 0 0.43921774638083
 0 0.44756352073123
 0 0.47417703597962
 0 0.44270354012136
 0 0.43065582840976
 0 0.45520063784183
 0 0.45290193951441
 0 0.45379932601725
 0 0.44225129656473
 0 0.4503231289086
 0 0.44342004784808
 0 0.43944505504246
 0 0.44584940199178
 0 0.44317784463008
 0 0.47236846534346
 0 0.44799271792894
 0 0.45201094068108
 0 0.42586453657082
 0 0.45854720060025
 0 0.44030002518109
 0 0.46266553070082
 0 0.44984008957629
 0 0.45897482803762
 0 0.44029725353063
 0 0.4488295717721
 0 0.44159506224789
 0 0.45776162953485
 0 0.45254719171443
 0 0.44375922612441
 0 0.45491312754654
 0 0.44191541958168
 0 0.45789245079703
 0 0.42531233033085
 0 0.45319942365489
 0 0.43640950617357
 0 0.43977553841969
 0 0.44280589780298
 0 0.46086113123913
 0 0.4587384851602
 0 0.44702330260653
 0 0.44403180701851
 0 0.45345350253032
 0 0.439963105623
 0 0.45273647136704
 0 0.41987411914368
 0 0.44051394215392
 0 0.42880966095602
 0 0.45764511922316
 0 0.41263753065218
 0 0.44880068846924
 0 0.44759287584708
 0 0.45258868544165
 0 0.46168739312064
 0 0.46291804713598
 0 0.44194185116336
 0 0.4309430443725
 0 0.43225055158377
 0 0.43111768643478
 0 0.45383156483902
 0 0.46367542833786
 0 0.43780098637058
 0 0.45994788423917
 0 0.48054925204769
 0 0.44990718960397
 0 0.44714374326373
 0 0.44414357581445
