   127 16 0 8 1
0 0
1 0
2 5.251571
3 4.45849
4 3.483458
5 2.355693
6 1.627075
7 1.176624
8 0.9189065
9 0.7829386
10 0.5725906
11 0.3401383
12 0.2076427
13 0.1057967
14 0
15 0
0 0
1 0
2 6.037127
3 5.562378
4 4.724323
5 3.94383
6 3.354115
7 2.880768
8 2.07215
9 1.313758
10 0.784124
11 0.4817259
12 0.2828789
13 0.1602121
14 0
15 0
0 0
1 0
2 5.799581
3 4.933383
4 3.922643
5 3.009554
6 2.457453
7 2.58438
8 1.877872
9 1.009405
10 0.556529
11 0.3340639
12 0.2277331
13 0.1056089
14 0
15 0
0 0
1 0
2 5.801018
3 5.601586
4 4.580963
5 3.48964
6 2.769783
7 2.242714
8 1.660088
9 1.044511
10 0.6622515
11 0.3713892
12 0.2284937
13 0.1173659
14 0
15 0
0 0
1 0
2 6.531325
3 6.723894
4 5.79991
5 4.844499
6 3.801595
7 3.225166
8 2.554754
9 1.767347
10 1.086687
11 0.6024958
12 0.3683326
13 0.2126278
14 0
15 0
0 0
1 0
2 5.885587
3 5.178236
4 4.256557
5 3.618158
6 2.581134
7 1.919662
8 1.594842
9 1.469869
10 1.274199
11 1.058732
12 0.6555225
13 0.3178564
14 0
15 0
0 0
1 0
2 6.329061
3 6.266784
4 5.769333
5 4.580406
6 3.159779
7 2.402035
8 1.755709
9 1.181302
10 0.827942
11 0.5413356
12 0.3318431
13 0.1934112
14 0
15 0
0 0
1 0
2 5.599834
3 4.884878
4 3.703806
5 2.694534
6 2.145936
7 1.68462
8 1.34356
9 0.9877305
10 0.6236756
11 0.3209032
12 0.1479113
13 0.06713702
14 0
15 0
0 0
1 0
2 6.614804
3 5.748156
4 4.095941
5 2.624787
6 1.608251
7 1.029276
8 0.7550218
9 0.6297392
10 0.5239866
11 0.2870706
12 0.141701
13 0.06851024
14 0
15 0
0 0
1 0
2 7.42132
3 7.318646
4 5.51161
5 3.356754
6 1.772198
7 1.030014
8 0.7163268
9 0.5891474
10 0.5467547
11 0.5351299
12 0.3366729
13 0.171847
14 0
15 0
0 0
1 0
2 6.436629
3 6.002965
4 5.495311
5 5.32517
6 5.255158
7 4.61444
8 3.764624
9 2.336416
10 1.554326
11 1.03415
12 0.6270065
13 0.3252518
14 0
15 0
0 0
1 0
2 6.415717
3 5.503953
4 3.743866
5 2.479158
6 1.483607
7 0.8758038
8 0.5619087
9 0.4223307
10 0.3576832
11 0.296919
12 0.2333977
13 0.126607
14 0
15 0
0 0
1 0
2 5.933003
3 4.495673
4 3.019862
5 2.162612
6 1.534835
7 1.244256
8 1.025064
9 0.7825851
10 0.5235317
11 0.2854347
12 0.139306
13 0.0677598
14 0
15 0
0 0
1 0
2 6.649358
3 6.518111
4 6.123402
5 5.292133
6 4.491605
7 3.797173
8 3.033821
9 2.605802
10 1.802379
11 1.083851
12 0.5139368
13 0.228213
14 0
15 0
0 0
1 0
2 6.001792
3 5.47859
4 4.368267
5 3.701546
6 2.895288
7 1.834045
8 1.149617
9 0.8817528
10 0.6394832
11 0.3689996
12 0.2222257
13 0.12311
14 0
15 0
0 0
1 0
2 5.845288
3 4.81497
4 3.815721
5 2.823039
6 2.213222
7 1.698376
8 1.223342
9 0.7834582
10 0.5456769
11 0.3620015
12 0.2096497
13 0.1069888
14 0
15 0
0 0
1 0
2 6.364523
3 5.639173
4 4.647224
5 3.389441
6 2.414872
7 1.521048
8 0.9722364
9 0.5499464
10 0.3103809
11 0.1738725
12 0.09452151
13 0.04732409
14 0
15 0
0 0
1 0
2 5.715855
3 5.823688
4 4.706657
5 2.853508
6 1.842679
7 1.310774
8 1.004001
9 0.5947047
10 0.3359205
11 0.21595
12 0.12858
13 0.05403051
14 0
15 0
0 0
1 0
2 5.647951
3 4.422822
4 3.496265
5 2.538862
6 1.664926
7 1.149533
8 0.7858187
9 0.5734905
10 0.3412074
11 0.1875099
12 0.09788819
13 0.04805917
14 0
15 0
0 0
1 0
2 5.840403
3 5.319642
4 4.284453
5 3.691411
6 2.879696
7 1.839151
8 1.062599
9 0.6131639
10 0.3122826
11 0.1852543
12 0.106431
13 0.05271443
14 0
15 0
0 0
1 0
2 5.455031
3 4.967949
4 4.745183
5 4.346566
6 2.977132
7 1.912429
8 1.384681
9 1.054658
10 0.7421055
11 0.4768848
12 0.2774797
13 0.1386483
14 0
15 0
0 0
1 0
2 6.2549
3 5.794322
4 5.101841
5 4.288138
6 3.734555
7 3.028877
8 2.13384
9 1.566376
10 1.005265
11 0.6146758
12 0.3831367
13 0.2416075
14 0
15 0
0 0
1 0
2 6.197127
3 5.478405
4 4.530024
5 3.831439
6 3.800918
7 3.488822
8 2.624614
9 1.428111
10 0.8893167
11 0.5962061
12 0.335438
13 0.1576201
14 0
15 0
0 0
1 0
2 6.100416
3 5.649662
4 4.415123
5 3.130212
6 2.442814
7 2.331719
8 2.178032
9 1.961668
10 1.575852
11 1.220912
12 0.7944943
13 0.4010751
14 0
15 0
0 0
1 0
2 6.817513
3 6.515021
4 5.322307
5 3.995501
6 3.092988
7 2.629378
8 2.545368
9 2.429297
10 1.900588
11 1.353477
12 0.7401481
13 0.3649237
14 0
15 0
0 0
1 0
2 5.642793
3 4.543375
4 3.847976
5 3.293936
6 2.562776
7 2.184593
8 2.202563
9 1.676608
10 1.221036
11 0.9678543
12 0.5691004
13 0.2901104
14 0
15 0
0 0
1 0
2 6.488158
3 8.24911
4 10.22832
5 11.89187
6 13.30506
7 11.63923
8 8.398108
9 5.587134
10 4.424794
11 2.821708
12 1.475722
13 0.6215842
14 0
15 0
0 0
1 0
2 5.277755
3 4.581783
4 4.009968
5 3.961063
6 4.039843
7 3.190449
8 2.128013
9 1.56217
10 1.185913
11 0.587411
12 0.2837059
13 0.1467799
14 0
15 0
0 0
1 0
2 6.158959
3 5.093743
4 4.088895
5 3.053197
6 1.956401
7 1.286154
8 0.8044248
9 0.5488995
10 0.3219797
11 0.1537645
12 0.06869367
13 0.03214063
14 0
15 0
0 0
1 0
2 5.596965
3 5.259099
4 4.674965
5 3.2371
6 2.012841
7 1.251366
8 0.7178822
9 0.393174
10 0.2060226
11 0.1215615
12 0.07319019
13 0.03314564
14 0
15 0
0 0
1 0
2 5.571466
3 4.098228
4 3.323592
5 3.033406
6 2.429727
7 1.854644
8 1.529162
9 1.303404
10 1.135924
11 0.8989559
12 0.4777968
13 0.1811707
14 0
15 0
0 0
1 0
2 5.561811
3 4.420702
4 3.422467
5 2.997892
6 2.404471
7 1.649178
8 1.200383
9 0.9597027
10 0.5637235
11 0.3074895
12 0.176779
13 0.09850565
14 0
15 0
0 0
1 0
2 5.964323
3 6.479311
4 6.510009
5 5.870039
6 4.151179
7 2.740559
8 1.934477
9 1.32324
10 0.7996294
11 0.5045956
12 0.3158784
13 0.1843688
14 0
15 0
0 0
1 0
2 5.937228
3 5.727964
4 4.960948
5 3.968034
6 2.933918
7 2.013227
8 1.422128
9 0.9924439
10 0.6569209
11 0.3019937
12 0.1455816
13 0.06790366
14 0
15 0
0 0
1 0
2 5.736977
3 4.947563
4 3.65336
5 2.277737
6 1.537761
7 1.176445
8 1.023749
9 0.7592853
10 0.4677004
11 0.2679811
12 0.143908
13 0.06547255
14 0
15 0
0 0
1 0
2 5.626307
3 4.565623
4 3.78778
5 2.888369
6 2.064881
7 1.467148
8 1.039545
9 0.7359524
10 0.5708379
11 0.394453
12 0.2544734
13 0.1464269
14 0
15 0
0 0
1 0
2 6.764041
3 6.286128
4 5.294918
5 4.214551
6 3.32967
7 3.444378
8 3.874894
9 3.069243
10 2.248208
11 1.674361
12 1.072281
13 0.5895627
14 0
15 0
0 0
1 0
2 5.600417
3 5.04785
4 3.561729
5 2.18552
6 1.553676
7 1.11411
8 0.7916539
9 0.6135062
10 0.5060918
11 0.386226
12 0.2235242
13 0.08300268
14 0
15 0
0 0
1 0
2 6.393291
3 5.537612
4 4.222084
5 3.307226
6 2.357714
7 1.572559
8 0.9909247
9 0.5804935
10 0.3436303
11 0.1926559
12 0.0976783
13 0.04947793
14 0
15 0
0 0
1 0
2 5.469671
3 4.713142
4 3.831288
5 2.751927
6 1.748927
7 1.158689
8 0.9123057
9 0.8171856
10 0.5425854
11 0.278004
12 0.1394965
13 0.06327205
14 0
15 0
0 0
1 0
2 6.360116
3 5.839121
4 4.13599
5 2.535188
6 1.627426
7 1.15543
8 0.6956968
9 0.3818049
10 0.2138692
11 0.1147119
12 0.06222109
13 0.03657064
14 0
15 0
0 0
1 0
2 6.747219
3 6.858751
4 6.455843
5 5.165319
6 4.20059
7 3.496856
8 2.938313
9 2.166123
10 1.23008
11 0.6316747
12 0.3617174
13 0.1988689
14 0
15 0
0 0
1 0
2 5.703322
3 4.383348
4 3.559751
5 2.616053
6 2.169195
7 1.799965
8 1.780461
9 1.501607
10 0.9781532
11 0.6380852
12 0.3855684
13 0.2338
14 0
15 0
0 0
1 0
2 6.356443
3 5.853135
4 5.159125
5 4.584413
6 3.679294
7 2.161792
8 1.485367
9 1.048473
10 0.653585
11 0.3548401
12 0.1984987
13 0.1026332
14 0
15 0
0 0
1 0
2 6.151016
3 6.166974
4 5.354474
5 4.63112
6 4.443629
7 4.000658
8 2.626557
9 1.387063
10 0.7985355
11 0.5381924
12 0.3040289
13 0.13826
14 0
15 0
0 0
1 0
2 6.473171
3 6.111042
4 4.510812
5 3.557817
6 2.446006
7 1.515458
8 1.111773
9 0.8185864
10 0.5427516
11 0.3173715
12 0.1651479
13 0.08494107
14 0
15 0
0 0
1 0
2 5.477351
3 4.487088
4 3.950315
5 3.408576
6 2.494842
7 1.738515
8 1.124091
9 0.827098
10 0.6558354
11 0.4849415
12 0.3213126
13 0.1637813
14 0
15 0
0 0
1 0
2 6.3235
3 6.304526
4 5.815596
5 6.549292
6 5.611961
7 2.812508
8 1.456798
9 0.8692709
10 0.6891559
11 0.4853438
12 0.3083038
13 0.2016359
14 0
15 0
0 0
1 0
2 5.907652
3 5.135423
4 4.171198
5 2.817788
6 1.714985
7 1.103688
8 0.7709907
9 0.4772615
10 0.283083
11 0.1462771
12 0.06874306
13 0.03499275
14 0
15 0
0 0
1 0
2 6.123621
3 5.478585
4 4.066764
5 2.932804
6 2.405384
7 1.911828
8 1.229351
9 0.7585635
10 0.4958825
11 0.3241884
12 0.2118959
13 0.1257292
14 0
15 0
0 0
1 0
2 5.961417
3 5.108227
4 4.114466
5 3.509492
6 3.061211
7 3.298839
8 3.445944
9 2.998501
10 1.841416
11 0.9277561
12 0.4339352
13 0.1813759
14 0
15 0
0 0
1 0
2 5.87396
3 5.283892
4 4.599762
5 3.439831
6 2.119336
7 1.14443
8 0.6508571
9 0.3784119
10 0.2027874
11 0.1055418
12 0.05593028
13 0.03116414
14 0
15 0
0 0
1 0
2 6.024406
3 5.179641
4 3.836428
5 2.802256
6 2.123579
7 1.700503
8 1.138799
9 0.766552
10 0.5847307
11 0.4489321
12 0.2873757
13 0.1585401
14 0
15 0
0 0
1 0
2 5.673021
3 4.868688
4 3.948877
5 3.059355
6 2.164495
7 1.270401
8 0.7204815
9 0.4131963
10 0.2127706
11 0.09748292
12 0.0447076
13 0.02039739
14 0
15 0
0 0
1 0
2 6.491425
3 6.274642
4 5.008832
5 3.426374
6 2.045805
7 1.152036
8 0.7437955
9 0.4663979
10 0.3091821
11 0.2255209
12 0.1113992
13 0.04845878
14 0
15 0
0 0
1 0
2 5.918216
3 4.817856
4 3.477061
5 2.298582
6 1.625831
7 1.24725
8 0.8504761
9 0.6099564
10 0.4613107
11 0.3514055
12 0.2463313
13 0.1237697
14 0
15 0
0 0
1 0
2 5.314881
3 4.944504
4 4.485582
5 3.470291
6 2.524361
7 1.810986
8 1.319976
9 1.026338
10 0.8351218
11 0.63402
12 0.3883543
13 0.1685397
14 0
15 0
0 0
1 0
2 5.875849
3 5.139816
4 4.640091
5 3.990898
6 2.934846
7 2.027413
8 1.370137
9 1.04529
10 0.8766093
11 0.6724216
12 0.4656622
13 0.2898127
14 0
15 0
0 0
1 0
2 5.63508
3 5.14056
4 4.336454
5 3.08252
6 2.547052
7 1.714498
8 0.9120062
9 0.4286607
10 0.1806013
11 0.09075285
12 0.04182141
13 0.01961491
14 0
15 0
0 0
1 0
2 7.342872
3 6.811061
4 5.538999
5 3.888341
6 2.454713
7 1.620615
8 1.048531
9 0.7522764
10 0.5529708
11 0.3529789
12 0.1868352
13 0.1020913
14 0
15 0
0 0
1 0
2 6.872361
3 7.29678
4 7.223294
5 7.585666
6 6.808362
7 5.898503
8 4.41566
9 2.850789
10 1.880217
11 1.168338
12 0.595833
13 0.2818924
14 0
15 0
0 0
1 0
2 6.147661
3 5.833471
4 5.376641
5 3.965369
6 2.410743
7 1.504334
8 0.9979014
9 0.7149587
10 0.408128
11 0.2462685
12 0.1608999
13 0.09586192
14 0
15 0
0 0
1 0
2 6.758116
3 6.337316
4 6.182113
5 5.129827
6 3.215945
7 2.10465
8 1.330853
9 0.8826309
10 0.5931123
11 0.3145903
12 0.1642347
13 0.09062949
14 0
15 0
0 0
1 0
2 6.538154
3 6.307261
4 5.877017
5 5.066392
6 3.843598
7 2.66466
8 1.686777
9 1.049499
10 0.6380937
11 0.4249294
12 0.2598926
13 0.1341554
14 0
15 0
0 0
1 0
2 6.359401
3 6.132843
4 5.1327
5 4.753907
6 4.517231
7 2.623992
8 1.22871
9 0.5928493
10 0.3817179
11 0.2855775
12 0.2030152
13 0.1287558
14 0
15 0
0 0
1 0
2 5.727984
3 4.574012
4 3.247302
5 2.394523
6 1.568797
7 0.9306457
8 0.517451
9 0.3140957
10 0.2166503
11 0.1410542
12 0.06319749
13 0.0278824
14 0
15 0
0 0
1 0
2 6.391924
3 6.632992
4 6.827205
5 6.675576
6 5.387317
7 4.568288
8 3.254745
9 2.158351
10 1.595461
11 0.7677231
12 0.3315368
13 0.132812
14 0
15 0
0 0
1 0
2 6.232766
3 5.823328
4 5.01364
5 3.687796
6 2.534217
7 2.181584
8 2.985702
9 3.331576
10 2.54108
11 1.382643
12 0.5796778
13 0.2304564
14 0
15 0
0 0
1 0
2 5.683186
3 4.529893
4 3.26858
5 2.480246
6 1.700631
7 1.1546
8 0.8714253
9 0.6504222
10 0.3835265
11 0.1731194
12 0.0771565
13 0.03449306
14 0
15 0
0 0
1 0
2 6.336418
3 5.973336
4 5.053545
5 3.881856
6 3.027759
7 2.002093
8 1.305336
9 0.8052104
10 0.47512
11 0.2781316
12 0.1561422
13 0.08259337
14 0
15 0
0 0
1 0
2 6.572169
3 6.042553
4 4.718815
5 3.933854
6 4.100234
7 4.597439
8 4.518579
9 3.965856
10 2.094596
11 1.129284
12 0.5180016
13 0.2131875
14 0
15 0
0 0
1 0
2 6.028955
3 5.510386
4 3.93692
5 2.566734
6 1.781184
7 1.253314
8 0.8124315
9 0.4275151
10 0.2521982
11 0.1361504
12 0.0600028
13 0.02817201
14 0
15 0
0 0
1 0
2 5.886902
3 5.213044
4 4.606135
5 3.767152
6 2.566917
7 1.747213
8 1.303659
9 1.176971
10 0.9052798
11 0.5598732
12 0.2942528
13 0.1575346
14 0
15 0
0 0
1 0
2 6.491252
3 6.690351
4 5.718237
5 4.06704
6 2.919721
7 2.306564
8 1.467753
9 1.108461
10 0.8791534
11 0.5287272
12 0.2909301
13 0.1461152
14 0
15 0
0 0
1 0
2 6.343914
3 6.077994
4 4.677467
5 4.289043
6 4.94682
7 5.402325
8 5.336349
9 4.477338
10 2.930072
11 1.497309
12 0.8302984
13 0.5477743
14 0
15 0
0 0
1 0
2 5.947395
3 5.209597
4 4.110454
5 2.943724
6 2.367348
7 1.88996
8 1.545229
9 1.288617
10 0.8652568
11 0.5413387
12 0.3204693
13 0.1475259
14 0
15 0
0 0
1 0
2 6.197371
3 5.643258
4 4.811165
5 4.001043
6 2.680525
7 1.780936
8 1.135647
9 0.7529664
10 0.39978
11 0.1724583
12 0.06809423
13 0.02880917
14 0
15 0
0 0
1 0
2 5.96928
3 5.137893
4 3.992293
5 3.198272
6 2.681551
7 1.890384
8 1.306641
9 0.7455305
10 0.4201197
11 0.2388493
12 0.1243293
13 0.05902693
14 0
15 0
0 0
1 0
2 6.610964
3 6.660486
4 6.958423
5 6.650513
6 5.158471
7 3.7313
8 2.461013
9 1.692523
10 1.079438
11 0.7160732
12 0.4701321
13 0.2866483
14 0
15 0
0 0
1 0
2 5.796907
3 4.58281
4 3.49228
5 2.761975
6 2.265085
7 1.813211
8 1.494847
9 0.994623
10 0.6288385
11 0.4109452
12 0.2711807
13 0.1674843
14 0
15 0
0 0
1 0
2 6.331127
3 5.736491
4 4.442767
5 3.133482
6 2.148897
7 1.412783
8 0.9881743
9 0.6479887
10 0.3595531
11 0.1672489
12 0.07809474
13 0.04136851
14 0
15 0
0 0
1 0
2 5.903496
3 5.146386
4 4.183122
5 3.19717
6 2.276408
7 1.669029
8 1.353098
9 1.005946
10 0.5873731
11 0.3657361
12 0.2178829
13 0.1021498
14 0
15 0
0 0
1 0
2 6.654602
3 6.437846
4 5.361086
5 3.870446
6 2.918898
7 2.223481
8 1.563349
9 0.9320759
10 0.4565583
11 0.2359843
12 0.1157564
13 0.06232436
14 0
15 0
0 0
1 0
2 6.524331
3 5.775961
4 5.009241
5 3.708716
6 2.697348
7 2.238863
8 1.645331
9 1.256558
10 0.9784328
11 0.7022907
12 0.3434662
13 0.1469654
14 0
15 0
0 0
1 0
2 6.082541
3 5.200846
4 3.929332
5 2.610229
6 2.16569
7 2.017852
8 1.704159
9 1.14273
10 0.7254026
11 0.5199835
12 0.3089947
13 0.1705346
14 0
15 0
0 0
1 0
2 5.619439
3 4.901924
4 3.826085
5 2.275018
6 1.299838
7 0.8600382
8 0.5437648
9 0.344934
10 0.2027449
11 0.09429471
12 0.03809109
13 0.0159081
14 0
15 0
0 0
1 0
2 6.489113
3 5.627466
4 3.900636
5 2.516663
6 1.482009
7 0.8391037
8 0.4516531
9 0.2714
10 0.194405
11 0.1537336
12 0.1062333
13 0.05904837
14 0
15 0
0 0
1 0
2 5.783743
3 4.908206
4 4.151853
5 3.447469
6 2.905251
7 2.179751
8 1.318002
9 0.7036844
10 0.4997284
11 0.3833339
12 0.234492
13 0.1385324
14 0
15 0
0 0
1 0
2 5.530099
3 4.475017
4 3.613806
5 2.820732
6 1.937552
7 1.086015
8 0.5410731
9 0.2645445
10 0.1174559
11 0.05581847
12 0.02670558
13 0.011377
14 0
15 0
0 0
1 0
2 6.15572
3 6.023466
4 5.968509
5 5.215271
6 3.836043
7 2.865545
8 2.091377
9 1.486568
10 0.9170336
11 0.447973
12 0.1701414
13 0.06424711
14 0
15 0
0 0
1 0
2 6.557019
3 6.097949
4 5.02618
5 3.867838
6 2.766729
7 1.932063
8 1.170616
9 0.6466491
10 0.3426028
11 0.1807136
12 0.08969301
13 0.04066242
14 0
15 0
0 0
1 0
2 5.718633
3 5.787033
4 5.362482
5 4.305198
6 3.576359
7 2.478732
8 1.619007
9 1.203412
10 0.9769422
11 0.7452335
12 0.5165728
13 0.2695878
14 0
15 0
0 0
1 0
2 7.657048
3 8.133817
4 7.103983
5 6.049521
6 4.994007
7 4.167613
8 3.93373
9 3.033628
10 2.129021
11 1.453297
12 1.071107
13 0.5873424
14 0
15 0
0 0
1 0
2 6.313884
3 6.695557
4 6.170703
5 5.357276
6 4.167555
7 2.569955
8 1.42759
9 0.7733227
10 0.4276788
11 0.272013
12 0.1706333
13 0.07915051
14 0
15 0
0 0
1 0
2 5.609974
3 5.011586
4 4.236378
5 3.128054
6 2.242113
7 1.818383
8 1.482777
9 1.187082
10 0.7767496
11 0.4193992
12 0.2131306
13 0.108542
14 0
15 0
0 0
1 0
2 5.919291
3 4.990455
4 3.825844
5 3.060946
6 2.148487
7 1.467465
8 1.06436
9 0.7593003
10 0.4848588
11 0.3266761
12 0.1983059
13 0.1109006
14 0
15 0
0 0
1 0
2 6.006886
3 5.331022
4 4.596429
5 3.472863
6 2.568891
7 1.757689
8 1.083284
9 0.5772951
10 0.3542203
11 0.2264587
12 0.1297935
13 0.05231913
14 0
15 0
0 0
1 0
2 5.394035
3 4.146398
4 3.258075
5 2.694759
6 1.943988
7 1.526205
8 1.169809
9 0.8314044
10 0.5816086
11 0.3510807
12 0.1957354
13 0.1011469
14 0
15 0
0 0
1 0
2 5.382714
3 5.253788
4 4.635272
5 3.576909
6 2.55303
7 2.027904
8 1.791136
9 1.458759
10 0.841095
11 0.4129727
12 0.1879457
13 0.08758479
14 0
15 0
0 0
1 0
2 6.062342
3 4.778837
4 3.266682
5 2.326839
6 1.612559
7 0.9228842
8 0.4955707
9 0.2902417
10 0.1850885
11 0.1224635
12 0.08071736
13 0.04764305
14 0
15 0
0 0
1 0
2 5.716872
3 5.501092
4 4.947772
5 4.035242
6 2.687244
7 2.015499
8 1.48831
9 0.995429
10 0.633489
11 0.3860965
12 0.2033583
13 0.1130982
14 0
15 0
0 0
1 0
2 6.383724
3 5.405844
4 4.890609
5 3.655991
6 2.24659
7 1.476161
8 0.997745
9 0.7348982
10 0.4777447
11 0.3205621
12 0.240592
13 0.1607067
14 0
15 0
0 0
1 0
2 6.070335
3 5.430939
4 3.71178
5 2.133955
6 1.223962
7 0.6969267
8 0.4278162
9 0.3044835
10 0.2687466
11 0.2016197
12 0.1189205
13 0.06476221
14 0
15 0
0 0
1 0
2 5.429975
3 4.704571
4 3.963858
5 3.745029
6 4.123967
7 3.933054
8 2.978038
9 1.852519
10 1.221425
11 1.101842
12 0.6152276
13 0.2573925
14 0
15 0
0 0
1 0
2 5.596529
3 5.481642
4 3.997373
5 2.265812
6 1.127506
7 0.6599679
8 0.3764305
9 0.255272
10 0.1776415
11 0.1292814
12 0.08118498
13 0.04110309
14 0
15 0
0 0
1 0
2 6.162351
3 6.200321
4 5.137086
5 4.137097
6 3.094301
7 2.336752
8 1.688479
9 1.11163
10 0.7097925
11 0.4651483
12 0.2976768
13 0.1759668
14 0
15 0
0 0
1 0
2 6.16822
3 5.602014
4 4.717774
5 3.336175
6 2.161435
7 1.574146
8 1.535327
9 1.75066
10 1.758612
11 1.342372
12 0.7853715
13 0.4063581
14 0
15 0
0 0
1 0
2 5.268726
3 4.276469
4 3.214955
5 2.33365
6 1.936246
7 1.402774
8 0.7431101
9 0.4584732
10 0.2518437
11 0.1226604
12 0.05831403
13 0.02978785
14 0
15 0
0 0
1 0
2 5.528074
3 4.809878
4 4.131915
5 3.618
6 3.176626
7 2.762524
8 2.477036
9 2.285206
10 1.840043
11 1.096177
12 0.6180844
13 0.3108186
14 0
15 0
0 0
1 0
2 5.801441
3 4.615794
4 3.385568
5 2.510883
6 1.7987
7 1.431674
8 1.354837
9 1.073321
10 0.6313273
11 0.3574011
12 0.2013196
13 0.1068923
14 0
15 0
0 0
1 0
2 6.508159
3 5.721071
4 4.71192
5 3.213369
6 1.649284
7 0.9174786
8 0.6231378
9 0.5562738
10 0.4873669
11 0.386244
12 0.2352856
13 0.1182323
14 0
15 0
0 0
1 0
2 5.798999
3 5.161414
4 4.087271
5 3.197474
6 2.345614
7 1.607731
8 1.2299
9 1.155497
10 0.8460209
11 0.5461859
12 0.348415
13 0.1760217
14 0
15 0
0 0
1 0
2 6.077133
3 5.240904
4 4.409663
5 3.496818
6 2.780005
7 2.604513
8 2.449335
9 1.868259
10 1.412462
11 1.101667
12 0.7997193
13 0.5834708
14 0
15 0
0 0
1 0
2 6.550231
3 6.727381
4 6.346994
5 5.100673
6 5.059539
7 5.319535
8 5.327626
9 4.197616
10 3.314081
11 2.318913
12 1.580521
13 0.9805494
14 0
15 0
0 0
1 0
2 6.375767
3 5.497784
4 4.323244
5 3.083053
6 2.20249
7 1.664594
8 1.445326
9 1.229692
10 1.113271
11 0.7580258
12 0.446606
13 0.2600664
14 0
15 0
0 0
1 0
2 6.120952
3 4.998218
4 3.316997
5 2.024487
6 1.357763
7 0.9524833
8 0.6221228
9 0.3592182
10 0.2211721
11 0.112496
12 0.05889028
13 0.0263445
14 0
15 0
0 0
1 0
2 6.143795
3 6.477574
4 5.842919
5 4.576196
6 3.376342
7 2.405724
8 1.614249
9 1.133154
10 0.8531199
11 0.4789607
12 0.2281123
13 0.09316622
14 0
15 0
0 0
1 0
2 5.666667
3 4.599103
4 3.361487
5 2.485178
6 1.964454
7 1.670838
8 1.431496
9 0.7609427
10 0.3443594
11 0.1831079
12 0.08784001
13 0.03324685
14 0
15 0
0 0
1 0
2 5.906751
3 5.336048
4 4.239345
5 3.08795
6 2.572074
7 1.869782
8 1.395247
9 0.9418517
10 0.719543
11 0.5221361
12 0.3140404
13 0.1693927
14 0
15 0
0 0
1 0
2 6.011566
3 5.182352
4 4.035602
5 2.819691
6 1.938499
7 1.834965
8 1.473965
9 0.8513922
10 0.5115642
11 0.2971536
12 0.1687344
13 0.0965761
14 0
15 0
0 0
1 0
2 6.544113
3 5.865378
4 4.278007
5 3.605653
6 3.935927
7 3.467238
8 2.055138
9 1.245783
10 0.9399518
11 0.4939736
12 0.2251498
13 0.1016666
14 0
15 0
0 0
1 0
2 5.852678
3 4.731591
4 3.476876
5 2.53739
6 2.035075
7 2.145034
8 2.122015
9 1.732867
10 0.9823554
11 0.5917516
12 0.3995405
13 0.2412348
14 0
15 0
0 0
1 0
2 5.589191
3 5.319473
4 5.241992
5 4.918748
6 4.655776
7 5.170833
8 4.506474
9 2.931283
10 1.680634
11 1.15715
12 0.6686546
13 0.3216805
14 0
15 0
0 0
1 0
2 6.12074
3 5.113431
4 3.443141
5 2.688586
6 2.450404
7 2.212646
8 2.00607
9 1.507381
10 0.9209671
11 0.5541409
12 0.3301598
13 0.1776856
14 0
15 0
0 0
1 0
2 6.371865
3 5.490132
4 4.215397
5 3.126673
6 2.197974
7 1.747265
8 1.604095
9 1.696874
10 1.360542
11 0.7801545
12 0.4027092
13 0.1945959
14 0
15 0
0 0
1 0
2 5.500442
3 4.98867
4 4.399225
5 3.75965
6 2.755744
7 2.169214
8 1.956091
9 1.563847
10 1.033937
11 0.659335
12 0.3772626
13 0.1922148
14 0
15 0
0 0
1 0
2 5.776424
3 5.470838
4 4.994371
5 4.171369
6 3.077199
7 1.976937
8 1.212568
9 0.7159823
10 0.4050365
11 0.2395833
12 0.1106788
13 0.04698808
14 0
15 0
