100  1  0  0  1  boot fit mass_0
 0 0.22333488781266
 0 0.27898593648094
 0 0.30919814898843
 0 0.34145805018859
 0 0.28058105556828
 0 0.26679121865807
 0 0.31227789565777
 0 0.28904051432297
 0 0.29893116181835
 0 0.28885217329998
 0 0.33865442820628
 0 0.30622634634565
 0 0.28150086524015
 0 0.30860626659625
 0 0.32715555965006
 0 0.20240881533485
 0 0.33480802894611
 0 0.298925960358
 0 0.27554429394966
 0 0.31436088211615
 0 0.32989929484733
 0 0.29549276598306
 0 0.31522068747386
 0 0.28830688389608
 0 0.31194495487761
 0 0.31006466848507
 0 0.33801760359898
 0 0.28754203219741
 0 0.35308558245344
 0 0.34365903134409
 0 0.30006967114972
 0 0.31005300795777
 0 0.32319748804666
 0 0.30840233913652
 0 0.29696158562469
 0 0.32242956392349
 0 0.3303230898056
 0 0.30010852392443
 0 0.30146065219541
 0 0.3367197980657
 0 0.31126408021848
 0 0.31152524335553
 0 0.29413151587315
 0 0.28430271644417
 0 0.29784967440565
 0 0.31389311904586
 0 0.29610280875953
 0 0.28300893310305
 0 0.35796211285456
 0 0.35955438008657
 0 0.32096546637724
 0 0.28989030947823
 0 0.33714070354559
 0 0.3045438838626
 0 0.32913169241391
 0 0.30304061110965
 0 0.3257668172304
 0 0.30643396515892
 0 0.30858472035378
 0 0.29868153684861
 0 0.31384646645004
 0 0.32124044460629
 0 0.35386302538165
 0 0.31617772197854
 0 0.29763056632912
 0 0.3589331710944
 0 0.23608218428274
 0 0.31342804275857
 0 0.29637179807862
 0 0.28677007272758
 0 0.30967005694142
 0 0.34244530520832
 0 0.31740955804442
 0 0.31325842018074
 0 0.27246419117536
 0 0.33654790041968
 0 0.30369122706928
 0 0.33995080384022
 0 0.26993124887019
 0 0.29644136799465
 0 0.25285382957332
 0 0.31986683261578
 0 0.30706052640251
 0 0.29662658793289
 0 0.33285379671797
 0 0.31691703350851
 0 0.32360943598262
 0 0.3381280306328
 0 0.31320039260711
 0 0.25884362703979
 0 0.29721231822616
 0 0.26488560465646
 0 0.31516804466654
 0 0.33267333616299
 0 0.32315493498457
 0 0.31700207027915
 0 0.34795274129834
 0 0.33565356297702
 0 0.30095505534612
 0 0.30023645259053
